testing array delete
(1 4 5)
(2 3)
test deleting more elements
(1 2)
(3 4 5)
test deleting more elements
()
(1 2 3 4 5)
test delete single element
(1 2 4 5)
3
test negative index
(1 2 3 4 5)
0
test negative index
(3 4 5)
(1 2)
testing 1d with whichDim arg
(1 4 5)
(2 3)
test 2d-1
((1 2 3 4 5) (10 11 12 13 14) (20 21 22 23 24))
((10 11 12 13 14) (20 21 22 23 24))
(1 2 3 4 5)
test 2d-2
((1 2 3 4 5) (10 11 12 13 14) (20 21 22 23 24))
((1 3 4 5) (10 12 13 14) (20 22 23 24))
((2) (11) (21))
test 2d-2 ip
((-1 -2 -3 -4 -5) (1 2 3 4 5) (10 11 12 13 14) (20 21 22 23 24))
((-1 -2) (1 2) (10 11) (20 21))
((-3 -4 -5) (3 4 5) (12 13 14) (22 23 24))
test 2d-3
((1 2 3 4 5) (10 11 12 13 14) (20 21 22 23 24))
((1 2 3 4 5) (10 11 12 13 14))
((20 21 22 23 24))
test 2d-4
((1 2 3 4 5) (10 11 12 13 14) (20 21 22 23 24))
((1 2 3) (10 11 12) (20 21 22))
((4 5) (13 14) (23 24))
